  8         1                RECT
 1.        1.        9.         7.       0.         3
  9         7                SYMBOL
 1.5       9.5       .14      SAMPLE OF GENERAL SUBROUTINES PACKAGE    999
 0.        37
 2.25      9.        .105     CIRCL                                    999
 0.         6
 5.75      9.        .105     ELIPS                                    999
 0.         5
 2.25      6.5       .105     FIT, DASHP                               999
 0.        11
 5.75      6.5       .105     POLY                                     999
 0.         4
 3.75      4.25      .105     GRID, DASHL                              999
 0.        12
 2.        1.1       .07      THE BORDER IS DRAWN WITH RECT            999
 0.        29
  1         3                CIRCL
 3.25      8.        0.        720.      .75       .25       0.
 3.25      8.        0.        360.      .75       .25       1.
 3.35      8.        0.        360.      .85       .85       0.
  4         6                ELIPS
 6.5       8.        .5        .7        0.        0.        360.      3
 6.6       8.        .6        .6        0.        0.        360.      3
 6.7       8.        .7        .5        0.        0.        360.      3
 6.8       8.        .8        .4        0.        0.        360.      3
 6.9       8.        .9        .3        0.        0.        360.      3
 7.        8.        1.        .2        0.        0.        360.      3
            3                DATA
 0.        0.        1.5       5.        1.5       5.5       2.375     6.
 3.5       6.125     2.625     5.5       1.5       5.5       0.        0.
 1.5       5.        2.625     5.        3.5       5.625     0.        0.
  3         1                  DASHP
 2.375     5.625     .1
            1                  DATA
 1.5       5.        1.5       5.        1.5       5.        0.       0
  3         2                  DASHP
 2.375     5.625     .1
 2.375     6.125     .1
  5         2                FIT
 2.625     5.        2.5       5.25      2.625     5.5
 3.5       5.625     3.375     5.875     3.5       6.125
  7        10                  POLY
 5.75      5.        .35       3.        0.
 5.75      5.        .35       4.        0.
 5.75      5.        .35       5.        0.
 5.75      5.        .35       6.        0.
 5.75      5.        .35       7.        0.
 5.75      5.        .35       8.        0.
 5.75      5.        .35       9.        0.
 5.75      5.        .35       10.       0.
 5.75      5.        .35       11.       0.
 5.75      5.        .35       12.       0.
  6         2                GRID
 1.5       2.        .25       .25       24         8
 1.51      1.99      1.5       1.         4         2
  2         1                DASHL
 1.75      2.25       11       1
 2.5       3.75
 2.75      3.25
 3.        3.5
 3.5       2.75
 4.        2.5
 4.25      3.25
 5.25      2.75
 5.5       3.75
 6.5       2.5
 7.25      3.5
 13                           END
